[gd_scene load_steps=22 format=2]

[ext_resource path="res://guitar.glb" type="PackedScene" id=1]
[ext_resource path="res://penguin.glb" type="PackedScene" id=2]
[ext_resource path="res://phone.glb" type="PackedScene" id=3]
[ext_resource path="res://Font.tres" type="DynamicFont" id=4]
[ext_resource path="res://scripts/game.gd" type="Script" id=5]
[ext_resource path="res://death_area.gd" type="Script" id=6]
[ext_resource path="res://NormalButton.tres" type="StyleBox" id=7]
[ext_resource path="res://Button.gd" type="Script" id=8]

[sub_resource type="BoxShape" id=3]
extents = Vector3( 0.90599, 3.26298, 1 )

[sub_resource type="BoxShape" id=4]
extents = Vector3( 0.255302, 2.5773, 1.5073 )

[sub_resource type="DynamicFontData" id=12]
font_path = "res://Christmas Cat.ttf"

[sub_resource type="DynamicFont" id=13]
size = 64
outline_size = 1
outline_color = Color( 0, 0, 0, 1 )
use_filter = true
font_data = SubResource( 12 )

[sub_resource type="StyleBoxFlat" id=16]
bg_color = Color( 0.513726, 0.756863, 0.776471, 1 )
corner_radius_top_left = 5
corner_radius_top_right = 5
corner_radius_bottom_right = 5
corner_radius_bottom_left = 5
shadow_size = 3
shadow_offset = Vector2( 1, 1 )

[sub_resource type="Theme" id=15]
default_font = ExtResource( 4 )
Button/colors/font_color = Color( 0.88, 0.88, 0.88, 1 )
Button/colors/font_color_disabled = Color( 0.9, 0.9, 0.9, 0.2 )
Button/colors/font_color_hover = Color( 0.94, 0.94, 0.94, 1 )
Button/colors/font_color_pressed = Color( 1, 1, 1, 1 )
Button/constants/hseparation = 2
Button/fonts/font = null
Button/styles/disabled = null
Button/styles/focus = null
Button/styles/hover = ExtResource( 7 )
Button/styles/normal = ExtResource( 7 )
Button/styles/pressed = SubResource( 16 )

[sub_resource type="CubeMesh" id=5]

[sub_resource type="BoxShape" id=6]

[sub_resource type="BoxShape" id=7]

[sub_resource type="SpatialMaterial" id=8]
flags_transparent = true
vertex_color_use_as_albedo = true
albedo_color = Color( 0.137255, 0.658824, 0, 0.294118 )

[sub_resource type="CubeMesh" id=9]
material = SubResource( 8 )

[sub_resource type="CubeMesh" id=10]

[sub_resource type="SpatialMaterial" id=11]
flags_transparent = true
albedo_color = Color( 0, 0.403922, 0.658824, 0.294118 )

[node name="Spatial" type="Spatial"]
script = ExtResource( 5 )

[node name="Camera" type="Camera" parent="."]
transform = Transform( -4.37114e-08, 0, -1, 0, 1, 0, 1, 0, -4.37114e-08, -50.2801, 5.97536, 9.71964 )
current = true
far = 1000.0

[node name="DirectionalLight" type="DirectionalLight" parent="."]
transform = Transform( 0.882283, -0.255724, -0.395199, 0.470719, 0.479311, 0.740732, 0, -0.839563, 0.543262, 0, 32.2647, 0 )
light_color = Color( 0.654902, 0.937255, 1, 1 )
light_energy = 0.31
shadow_enabled = true

[node name="RewardUkelele" type="RigidBody" parent="." groups=[
"Reward",
]]
transform = Transform( 0.438802, -0.157707, 0.884636, 0.709147, 0.665403, -0.233132, -0.551873, 0.729635, 0.403817, 0.0634174, 3, -44.4617 )
collision_layer = 3
mass = 0.5
gravity_scale = 2.0
can_sleep = false
__meta__ = {
"respawn_point": Vector3( 0, 3, -45 )
}

[node name="CollisionShape" type="CollisionShape" parent="RewardUkelele"]
transform = Transform( 1, 0, 0, 0, 1, 0, 0, 0, 1, 0, 2.27675, 0 )
shape = SubResource( 3 )

[node name="guitar" parent="RewardUkelele" instance=ExtResource( 1 )]

[node name="Reward2" type="RigidBody" parent="." groups=[
"Reward",
]]
transform = Transform( -0.269873, 0.247302, -0.930597, 0.675603, 0.737266, 0, 0.686097, -0.628714, -0.366046, 2.92753, 1.48269, -46.7284 )
collision_layer = 3
mass = 0.5
gravity_scale = 2.0
can_sleep = false
__meta__ = {
"respawn_point": Vector3( 0, 3, -45 )
}

[node name="CollisionShape" type="CollisionShape" parent="Reward2"]
transform = Transform( 1, 0, 0, 0, 1, 0, 0, 0, 1, 0, 2.27675, 0 )
shape = SubResource( 3 )

[node name="guitar" parent="Reward2" instance=ExtResource( 1 )]

[node name="Reward3" type="RigidBody" parent="." groups=[
"Reward",
]]
transform = Transform( 0.485496, -0.652669, 0.58165, 0.874239, 0.362451, -0.323011, 0, 0.665322, 0.746557, 2.22525, 1.70867, -49.2359 )
collision_layer = 3
mass = 0.5
gravity_scale = 2.0
can_sleep = false
__meta__ = {
"respawn_point": Vector3( 0, 3, -45 )
}

[node name="CollisionShape" type="CollisionShape" parent="Reward3"]
transform = Transform( 1, 0, 0, 0, 1, 0, 0, 0, 1, 0, 2.27675, 0 )
shape = SubResource( 3 )

[node name="guitar" parent="Reward3" instance=ExtResource( 1 )]

[node name="Reward4" type="RigidBody" parent="." groups=[
"Reward",
]]
transform = Transform( 0.692093, -0.302352, -0.655432, 0, 0.908041, -0.418882, 0.721809, 0.289905, 0.628448, -1.70196, 4.92545, -49.6094 )
collision_layer = 3
mass = 0.5
gravity_scale = 2.0
can_sleep = false
__meta__ = {
"respawn_point": Vector3( 0, 3, -45 )
}

[node name="CollisionShape" type="CollisionShape" parent="Reward4"]
transform = Transform( 1, 0, 0, 0, 1, 0, 0, 0, 1, 0, 2.27675, 0 )
shape = SubResource( 3 )

[node name="guitar" parent="Reward4" instance=ExtResource( 1 )]

[node name="Reward5" type="RigidBody" parent="." groups=[
"Reward",
]]
transform = Transform( -0.761498, -0.280491, 0.584334, 0.643676, -0.221301, 0.732603, -0.0761752, 0.933997, 0.349065, 12.4314, 3.77704, -44.94 )
collision_layer = 3
mass = 0.5
gravity_scale = 2.0
can_sleep = false
__meta__ = {
"respawn_point": Vector3( 0, 3, -45 )
}

[node name="CollisionShape" type="CollisionShape" parent="Reward5"]
transform = Transform( 1, 0, 0, 0, 1, 0, 0, 0, 1, 0, 2.27675, 0 )
shape = SubResource( 3 )

[node name="guitar" parent="Reward5" instance=ExtResource( 1 )]

[node name="Reward6" type="RigidBody" parent="." groups=[
"Reward",
]]
transform = Transform( -0.334416, -0.863932, -0.376547, -0.318563, 0.479658, -0.817585, 0.886952, -0.15346, -0.435622, 13.3584, 6.90541, -47.3068 )
collision_layer = 3
mass = 0.5
gravity_scale = 2.0
can_sleep = false
__meta__ = {
"respawn_point": Vector3( 0, 3, -45 )
}

[node name="CollisionShape" type="CollisionShape" parent="Reward6"]
transform = Transform( 1, 0, 0, 0, 1, 0, 0, 0, 1, 0, 2.27675, 0 )
shape = SubResource( 3 )

[node name="guitar" parent="Reward6" instance=ExtResource( 1 )]

[node name="Reward7" type="RigidBody" parent="." groups=[
"Reward",
]]
transform = Transform( -0.64415, -0.160483, 0.747875, 0.589721, -0.726883, 0.351952, 0.487135, 0.667748, 0.562862, 11.8717, 6.81248, -49.4546 )
collision_layer = 3
mass = 0.5
gravity_scale = 2.0
can_sleep = false
__meta__ = {
"respawn_point": Vector3( 0, 3, -45 )
}

[node name="CollisionShape" type="CollisionShape" parent="Reward7"]
transform = Transform( 1, 0, 0, 0, 1, 0, 0, 0, 1, 0, 2.27675, 0 )
shape = SubResource( 3 )

[node name="guitar" parent="Reward7" instance=ExtResource( 1 )]

[node name="Reward8" type="RigidBody" parent="." groups=[
"Reward",
]]
transform = Transform( 0.483051, -0.721258, 0.496435, 0.508753, -0.230244, -0.829553, 0.712623, 0.653279, 0.255722, 8.03578, 3.54877, -48.7168 )
collision_layer = 3
mass = 0.5
gravity_scale = 2.0
can_sleep = false
__meta__ = {
"respawn_point": Vector3( 0, 3, -45 )
}

[node name="CollisionShape" type="CollisionShape" parent="Reward8"]
transform = Transform( 1, 0, 0, 0, 1, 0, 0, 0, 1, 0, 2.27675, 0 )
shape = SubResource( 3 )

[node name="guitar" parent="Reward8" instance=ExtResource( 1 )]

[node name="Reward9" type="RigidBody" parent="." groups=[
"Reward",
]]
transform = Transform( -0.761498, -0.280491, 0.584334, 0.643676, -0.221301, 0.732603, -0.0761752, 0.933997, 0.349065, 7.01032, 7.27909, -44.94 )
collision_layer = 3
mass = 0.5
gravity_scale = 2.0
can_sleep = false
__meta__ = {
"respawn_point": Vector3( 0, 3, -45 )
}

[node name="CollisionShape" type="CollisionShape" parent="Reward9"]
transform = Transform( 1, 0, 0, 0, 1, 0, 0, 0, 1, 0, 2.27675, 0 )
shape = SubResource( 3 )

[node name="guitar" parent="Reward9" instance=ExtResource( 1 )]

[node name="Reward10" type="RigidBody" parent="." groups=[
"Reward",
]]
transform = Transform( -0.334416, -0.863932, -0.376547, -0.318563, 0.479658, -0.817585, 0.886952, -0.15346, -0.435622, 7.93725, 10.4075, -47.3068 )
collision_layer = 3
mass = 0.5
gravity_scale = 2.0
can_sleep = false
__meta__ = {
"respawn_point": Vector3( 0, 3, -45 )
}

[node name="CollisionShape" type="CollisionShape" parent="Reward10"]
transform = Transform( 1, 0, 0, 0, 1, 0, 0, 0, 1, 0, 2.27675, 0 )
shape = SubResource( 3 )

[node name="guitar" parent="Reward10" instance=ExtResource( 1 )]

[node name="Reward11" type="RigidBody" parent="." groups=[
"Reward",
]]
transform = Transform( -0.64415, -0.160483, 0.747875, 0.589721, -0.726883, 0.351952, 0.487135, 0.667748, 0.562862, 6.45054, 10.3145, -49.4546 )
collision_layer = 3
mass = 0.5
gravity_scale = 2.0
can_sleep = false
__meta__ = {
"respawn_point": Vector3( 0, 3, -45 )
}

[node name="CollisionShape" type="CollisionShape" parent="Reward11"]
transform = Transform( 1, 0, 0, 0, 1, 0, 0, 0, 1, 0, 2.27675, 0 )
shape = SubResource( 3 )

[node name="guitar" parent="Reward11" instance=ExtResource( 1 )]

[node name="Reward12" type="RigidBody" parent="." groups=[
"Reward",
]]
transform = Transform( 0.483051, -0.721258, 0.496435, 0.508753, -0.230244, -0.829553, 0.712623, 0.653279, 0.255722, 2.61466, 7.05081, -48.7168 )
collision_layer = 3
mass = 0.5
gravity_scale = 2.0
can_sleep = false
__meta__ = {
"respawn_point": Vector3( 0, 3, -45 )
}

[node name="CollisionShape" type="CollisionShape" parent="Reward12"]
transform = Transform( 1, 0, 0, 0, 1, 0, 0, 0, 1, 0, 2.27675, 0 )
shape = SubResource( 3 )

[node name="guitar" parent="Reward12" instance=ExtResource( 1 )]

[node name="RewardPhone" type="RigidBody" parent="." groups=[
"Reward",
]]
transform = Transform( 0.346671, 0.908575, 0.233046, -0.92264, 0.375066, -0.0897817, -0.168981, -0.183892, 0.968312, 2.61466, 7.05081, -28.0788 )
collision_layer = 3
mass = 0.5
gravity_scale = 2.0
can_sleep = false
__meta__ = {
"respawn_point": Vector3( 0, 3, -45 )
}

[node name="CollisionShape" type="CollisionShape" parent="RewardPhone"]
transform = Transform( 0.999999, 0, 2.98023e-08, -5.96046e-08, 1, -1.49012e-08, 2.98023e-08, 2.98023e-08, 0.999999, 0.806993, 1.55123, -0.463713 )
shape = SubResource( 4 )

[node name="phone" parent="RewardPhone" instance=ExtResource( 3 )]

[node name="RewardPhone2" type="RigidBody" parent="." groups=[
"Reward",
]]
transform = Transform( 0.346671, 0.908575, 0.233046, -0.92264, 0.375066, -0.0897817, -0.168981, -0.183892, 0.968312, 2.61466, 7.05081, -28.0788 )
collision_layer = 3
mass = 0.5
gravity_scale = 2.0
can_sleep = false
__meta__ = {
"respawn_point": Vector3( 0, 3, -45 )
}

[node name="CollisionShape" type="CollisionShape" parent="RewardPhone2"]
transform = Transform( 0.999999, 0, 2.98023e-08, -5.96046e-08, 1, -1.49012e-08, 2.98023e-08, 2.98023e-08, 0.999999, 0.806993, 1.55123, -0.463713 )
shape = SubResource( 4 )

[node name="phone" parent="RewardPhone2" instance=ExtResource( 3 )]

[node name="RewardPhone3" type="RigidBody" parent="." groups=[
"Reward",
]]
transform = Transform( -0.930364, 0.354084, -0.0951143, -0.325373, -0.916955, -0.230921, -0.168981, -0.183892, 0.968312, 2.61466, 12.552, -28.0788 )
collision_layer = 3
mass = 0.5
gravity_scale = 2.0
can_sleep = false
__meta__ = {
"respawn_point": Vector3( 0, 3, -45 )
}

[node name="CollisionShape" type="CollisionShape" parent="RewardPhone3"]
transform = Transform( 0.999999, 0, 2.98023e-08, -5.96046e-08, 1, -1.49012e-08, 2.98023e-08, 2.98023e-08, 0.999999, 0.806993, 1.55123, -0.463713 )
shape = SubResource( 4 )

[node name="phone" parent="RewardPhone3" instance=ExtResource( 3 )]

[node name="RewardPhone4" type="RigidBody" parent="." groups=[
"Reward",
]]
transform = Transform( 0.779012, -0.62678, 0.0169138, 0.603809, 0.757185, 0.249169, -0.168981, -0.183892, 0.968312, 2.61466, 14.1183, -28.0788 )
collision_layer = 3
mass = 0.5
gravity_scale = 2.0
can_sleep = false
__meta__ = {
"respawn_point": Vector3( 0, 3, -45 )
}

[node name="CollisionShape" type="CollisionShape" parent="RewardPhone4"]
transform = Transform( 0.999999, 0, 2.98023e-08, -5.96046e-08, 1, -1.49012e-08, 2.98023e-08, 2.98023e-08, 0.999999, 0.806993, 1.55123, -0.463713 )
shape = SubResource( 4 )

[node name="phone" parent="RewardPhone4" instance=ExtResource( 3 )]

[node name="MarginContainer" type="MarginContainer" parent="."]
anchor_right = 1.0
anchor_bottom = 1.0
margin_left = 10.0
margin_top = 10.0
margin_right = -10.0
margin_bottom = -10.0
size_flags_vertical = 3
__meta__ = {
"_edit_use_anchors_": false
}

[node name="VBoxContainer" type="VBoxContainer" parent="MarginContainer"]
margin_right = 1004.0
margin_bottom = 580.0
size_flags_vertical = 3

[node name="CenterContainer" type="CenterContainer" parent="MarginContainer/VBoxContainer"]
margin_right = 1004.0
margin_bottom = 129.0

[node name="Label" type="Label" parent="MarginContainer/VBoxContainer/CenterContainer"]
margin_left = 340.0
margin_right = 664.0
margin_bottom = 129.0
custom_fonts/font = SubResource( 13 )
text = "Penguin Cleanup"

[node name="HBoxContainer" type="HBoxContainer" parent="MarginContainer/VBoxContainer"]
margin_top = 133.0
margin_right = 1004.0
margin_bottom = 221.0

[node name="Label" type="Label" parent="MarginContainer/VBoxContainer/HBoxContainer"]
margin_top = 23.0
margin_right = 500.0
margin_bottom = 64.0
rect_min_size = Vector2( 500, 0 )
size_flags_stretch_ratio = 0.13
custom_fonts/font = ExtResource( 4 )
custom_colors/font_color_shadow = Color( 0, 0, 0, 1 )
custom_constants/shadow_offset_x = 1
custom_constants/shadow_offset_y = 1
text = "Try to collect washed-up items from the sea. Get as many as you can for your personal collection before the time runs out!"
autowrap = true

[node name="HBoxContainer" type="HBoxContainer" parent="MarginContainer/VBoxContainer/HBoxContainer"]
margin_left = 504.0
margin_right = 1004.0
margin_bottom = 88.0
size_flags_horizontal = 3
__meta__ = {
"_edit_use_anchors_": false
}

[node name="ScoreNumber" type="Label" parent="MarginContainer/VBoxContainer/HBoxContainer/HBoxContainer"]
margin_left = 178.0
margin_right = 242.0
margin_bottom = 88.0
size_flags_horizontal = 10
size_flags_vertical = 5
custom_fonts/font = ExtResource( 4 )
custom_colors/font_color_shadow = Color( 0, 0, 0, 1 )
custom_constants/shadow_offset_x = 1
custom_constants/shadow_offset_y = 1
text = "Controls:
"

[node name="VBoxContainer" type="VBoxContainer" parent="MarginContainer/VBoxContainer/HBoxContainer/HBoxContainer"]
margin_left = 246.0
margin_right = 500.0
margin_bottom = 88.0

[node name="ScoreNumber2" type="Label" parent="MarginContainer/VBoxContainer/HBoxContainer/HBoxContainer/VBoxContainer"]
margin_left = 254.0
margin_right = 254.0
margin_bottom = 19.0
size_flags_horizontal = 10
custom_fonts/font = ExtResource( 4 )
custom_colors/font_color_shadow = Color( 0, 0, 0, 1 )
custom_constants/shadow_offset_x = 1
custom_constants/shadow_offset_y = 1

[node name="ScoreNumber3" type="Label" parent="MarginContainer/VBoxContainer/HBoxContainer/HBoxContainer/VBoxContainer"]
margin_left = 93.0
margin_top = 23.0
margin_right = 254.0
margin_bottom = 42.0
size_flags_horizontal = 10
custom_fonts/font = ExtResource( 4 )
custom_colors/font_color_shadow = Color( 0, 0, 0, 1 )
custom_constants/shadow_offset_x = 1
custom_constants/shadow_offset_y = 1
text = "W,A,S,D for movement."

[node name="ScoreNumber4" type="Label" parent="MarginContainer/VBoxContainer/HBoxContainer/HBoxContainer/VBoxContainer"]
margin_top = 46.0
margin_right = 254.0
margin_bottom = 65.0
size_flags_horizontal = 10
custom_fonts/font = ExtResource( 4 )
custom_colors/font_color_shadow = Color( 0, 0, 0, 1 )
custom_constants/shadow_offset_x = 1
custom_constants/shadow_offset_y = 1
text = "Use the mouse to move the camera."

[node name="ScoreNumber5" type="Label" parent="MarginContainer/VBoxContainer/HBoxContainer/HBoxContainer/VBoxContainer"]
margin_left = 47.0
margin_top = 69.0
margin_right = 254.0
margin_bottom = 88.0
size_flags_horizontal = 10
custom_fonts/font = ExtResource( 4 )
custom_colors/font_color_shadow = Color( 0, 0, 0, 1 )
custom_constants/shadow_offset_x = 1
custom_constants/shadow_offset_y = 1
text = "Hold down Ctrl to grab items."

[node name="Spacer" type="Control" parent="MarginContainer/VBoxContainer"]
margin_top = 225.0
margin_right = 1004.0
margin_bottom = 400.0
size_flags_vertical = 3

[node name="CenterContainer2" type="CenterContainer" parent="MarginContainer/VBoxContainer"]
margin_top = 404.0
margin_right = 1004.0
margin_bottom = 580.0
size_flags_vertical = 3
__meta__ = {
"_edit_use_anchors_": false
}

[node name="Button" type="Button" parent="MarginContainer/VBoxContainer/CenterContainer2"]
margin_left = 452.0
margin_top = 73.0
margin_right = 552.0
margin_bottom = 103.0
rect_min_size = Vector2( 100, 30 )
size_flags_vertical = 8
theme = SubResource( 15 )
custom_fonts/font = ExtResource( 4 )
text = "PLAY"
script = ExtResource( 8 )

[node name="Spatial" type="Spatial" parent="."]

[node name="StaticBody2" type="StaticBody" parent="Spatial"]
transform = Transform( 6, 0, 0, 0, 8.31937, 0, 0, 0, 6, 1.567, 7.497, 11 )

[node name="MeshInstance" type="MeshInstance" parent="Spatial/StaticBody2"]
mesh = SubResource( 5 )
material/0 = null

[node name="CollisionShape" type="CollisionShape" parent="Spatial/StaticBody2"]
shape = SubResource( 6 )

[node name="StaticBody5" type="StaticBody" parent="Spatial"]
transform = Transform( 12.2148, 0, 0, 0, 1.47252, 0, 0, 0, 6, 19.6336, 0.99885, 11.0308 )

[node name="MeshInstance" type="MeshInstance" parent="Spatial/StaticBody5"]
mesh = SubResource( 5 )
material/0 = null

[node name="CollisionShape" type="CollisionShape" parent="Spatial/StaticBody5"]
shape = SubResource( 6 )

[node name="StaticBody3" type="StaticBody" parent="Spatial"]
transform = Transform( -30, 0, -5.24537e-07, 0, -0.651, 0, -1.34607e-05, 0, 30.7944, 1, -0.719841, -22.9614 )

[node name="MeshInstance" type="MeshInstance" parent="Spatial/StaticBody3"]
transform = Transform( 1, 0, 1.77636e-15, 0, 1, 0, 0, 0, 1, 0, 0, 0 )
mesh = SubResource( 5 )
material/0 = null

[node name="CollisionShape" type="CollisionShape" parent="Spatial/StaticBody3"]
shape = SubResource( 6 )

[node name="StaticBody4" type="StaticBody" parent="Spatial"]
transform = Transform( -30, 0, -5.24537e-07, 0, -0.651, 0, -1.34607e-05, 0, 30.7944, 1, -0.719841, 43.8019 )

[node name="MeshInstance" type="MeshInstance" parent="Spatial/StaticBody4"]
transform = Transform( 1, 0, 1.77636e-15, 0, 1, 0, 0, 0, 1, 0, 0, 0 )
mesh = SubResource( 5 )
material/0 = null

[node name="CollisionShape" type="CollisionShape" parent="Spatial/StaticBody4"]
shape = SubResource( 6 )

[node name="Goal" type="Area" parent="Spatial"]
transform = Transform( 5, 0, 0, 0, 4.40403, 0, 0, 0, 5, 0, 4.34322, 59.5375 )

[node name="CollisionShape" type="CollisionShape" parent="Spatial/Goal"]
shape = SubResource( 7 )

[node name="MeshInstance" type="MeshInstance" parent="Spatial/Goal"]
mesh = SubResource( 9 )
material/0 = null

[node name="DeathBarrier" type="Area" parent="Spatial"]
transform = Transform( 92.7235, 0, 0, 0, 6.9137, 0, 0, 0, 108.572, 186.818, -7.948, 7.956 )
collision_mask = 3
script = ExtResource( 6 )

[node name="CollisionShape" type="CollisionShape" parent="Spatial/DeathBarrier"]
shape = SubResource( 7 )

[node name="MeshInstance" type="MeshInstance" parent="Spatial/DeathBarrier"]
transform = Transform( 1, 0, 0, 0, 1, 0, 0, 0, 1, -0.0161835, 0, 0 )
mesh = SubResource( 10 )
material/0 = SubResource( 11 )

[node name="DeathBarrier2" type="Area" parent="Spatial"]
transform = Transform( 92.7235, 0, 0, 0, 6.9137, 0, 0, 0, 108.572, -1.7991, -7.948, -212.815 )
collision_mask = 3
script = ExtResource( 6 )

[node name="CollisionShape" type="CollisionShape" parent="Spatial/DeathBarrier2"]
shape = SubResource( 7 )

[node name="MeshInstance" type="MeshInstance" parent="Spatial/DeathBarrier2"]
transform = Transform( 1, 0, 0, 0, 1, 0, 0, 0, 1, 0, 0, 0.036262 )
mesh = SubResource( 10 )
material/0 = SubResource( 11 )

[node name="DeathBarrier4" type="Area" parent="Spatial"]
transform = Transform( 92.7235, 0, 0, 0, 6.9137, 0, 0, 0, 108.572, -1.7991, -7.948, 228.79 )
collision_mask = 3
script = ExtResource( 6 )

[node name="CollisionShape" type="CollisionShape" parent="Spatial/DeathBarrier4"]
shape = SubResource( 7 )

[node name="MeshInstance" type="MeshInstance" parent="Spatial/DeathBarrier4"]
transform = Transform( 1, 0, 0, 0, 1, 0, 0, 0, 1, 0, 0, -0.152469 )
mesh = SubResource( 10 )
material/0 = SubResource( 11 )

[node name="MeshInstance2" type="MeshInstance" parent="Spatial/DeathBarrier4"]
transform = Transform( 1, 0, 0, 0, 1, 0, 0, 0, 1, 1.97801, 0, -0.152469 )
mesh = SubResource( 10 )
material/0 = SubResource( 11 )

[node name="MeshInstance3" type="MeshInstance" parent="Spatial/DeathBarrier4"]
transform = Transform( 1, 0, 0, 0, 1, 0, 0, 0, 1, -1.99002, 0, -0.152469 )
mesh = SubResource( 10 )
material/0 = SubResource( 11 )

[node name="MeshInstance4" type="MeshInstance" parent="Spatial/DeathBarrier4"]
transform = Transform( 1, 0, 0, 0, 1, 0, 0, 0, 1, -1.99002, 0, -4.0163 )
mesh = SubResource( 10 )
material/0 = SubResource( 11 )

[node name="MeshInstance5" type="MeshInstance" parent="Spatial/DeathBarrier4"]
transform = Transform( 1, 0, 0, 0, 1, 0, 0, 0, 1, 1.94897, 0, -4.0163 )
mesh = SubResource( 10 )
material/0 = SubResource( 11 )

[node name="DeathBarrier3" type="Area" parent="Spatial"]
transform = Transform( 92.7235, 0, 0, 0, 6.9137, 0, 0, 0, 108.572, -188.668, -7.948, 7.956 )
collision_mask = 3
script = ExtResource( 6 )

[node name="CollisionShape" type="CollisionShape" parent="Spatial/DeathBarrier3"]
shape = SubResource( 7 )

[node name="MeshInstance" type="MeshInstance" parent="Spatial/DeathBarrier3"]
transform = Transform( 1, 0, 0, 0, 1, 0, 0, 0, 1, 0.0569079, 0, 0 )
mesh = SubResource( 10 )
material/0 = SubResource( 11 )

[node name="Water" type="Area" parent="Spatial"]
transform = Transform( 92.7235, 0, 0, 0, 6.9137, 0, 0, 0, 108.572, 0, -7.94819, 7.9559 )
space_override = 1
gravity_vec = Vector3( 0, 1, 0 )
gravity = 19.28
collision_mask = 3

[node name="CollisionShape" type="CollisionShape" parent="Spatial/Water"]
shape = SubResource( 7 )

[node name="MeshInstance" type="MeshInstance" parent="Spatial/Water"]
mesh = SubResource( 10 )
material/0 = SubResource( 11 )

[node name="penguin" parent="." instance=ExtResource( 2 )]
transform = Transform( -0.8896, 0, 0.456741, 0, 1, 0, -0.456741, 0, -0.8896, -11.4411, 2.19055, 36.0134 )

[connection signal="pressed" from="MarginContainer/VBoxContainer/CenterContainer2/Button" to="MarginContainer/VBoxContainer/CenterContainer2/Button" method="_on_Button_pressed"]
[connection signal="body_entered" from="Spatial/Goal" to="." method="_on_Goal_body_entered"]
[connection signal="body_entered" from="Spatial/DeathBarrier" to="Spatial/DeathBarrier" method="_on_DeathBarrier_body_entered"]
[connection signal="body_entered" from="Spatial/DeathBarrier2" to="Spatial/DeathBarrier2" method="_on_DeathBarrier_body_entered"]
[connection signal="body_entered" from="Spatial/DeathBarrier4" to="Spatial/DeathBarrier4" method="_on_DeathBarrier_body_entered"]
[connection signal="body_entered" from="Spatial/DeathBarrier3" to="Spatial/DeathBarrier3" method="_on_DeathBarrier_body_entered"]
